152
1995
72
193
194
192
834
61
59
841
833
58
66
832
60
830
110
836
31
154
155
1996
67
1988
2000
840
234
236
247
255
233
238
240
709
239
242
831
244
245
243
711
632
62
253
252
248
257
249
150
258
259
261
63
612
614
634
1997
70
69
631
633
32
1986
232
708
250
241
749
706
707
710
65
64
56
254
712
713
108
246
714
715
57
71
260
717
716
718
719
742
741
737
736
740
738
237
1990
739
1989
1987
235
68
743
251
864
746
1999
747
748
750
744
745
756
757
753
838
755
754
752
751
760
758
759
761
762
835
256
764
766
765
134
151
763
821
825
823
822
839
819
818
827
824
820
828
829
826
837
863
844
843
845
850
847
846
848
849
851
852
842
853
854
855
856
857
858
861
860
859
862
