2011
987
910
1029
1028
1027
897
899
1656
1663
1655
1654
904
896
898
1652
946
1658
989
869
2012
990
905
1662
2016
2004
1069
1090
1082
1071
1068
1073
1535
1075
1074
1653
1077
1079
1080
1078
1537
1462
1087
1088
900
1083
1092
1093
985
1084
1094
1096
901
1441
1443
2013
1464
1461
907
908
1463
870
2002
1067
1534
1076
1085
1572
1533
1532
1536
894
902
903
1089
1538
1539
1081
944
1540
1541
909
895
1095
1543
1542
1544
1545
1564
1565
1560
1559
1563
1561
2007
1072
2003
2006
1562
1070
906
1566
1086
1686
2015
1569
1571
1570
1573
1567
1568
1580
1579
1576
1660
1578
1575
1577
1574
1583
1581
1582
1584
1585
1657
1659
1587
1091
1589
1588
969
986
1586
1647
1643
1645
1661
1644
1640
1641
1649
1646
1642
1650
1648
1651
1685
1665
1666
1672
1667
1669
1668
1670
1671
1673
1674
1664
1675
1676
1677
1678
1679
1680
1683
1682
1681
1684
