31
32
56
57
58
59
60
61
62
63
64
65
66
67
68
69
70
71
72
108
110
134
150
151
152
154
155
192
193
194
232
233
234
235
236
237
238
239
240
241
242
243
244
245
246
247
248
249
250
251
252
253
254
255
256
257
258
259
260
261
612
614
631
632
633
634
706
707
708
709
710
711
712
713
714
715
716
717
718
719
736
737
738
739
740
741
742
743
744
745
746
747
748
749
750
751
752
753
754
755
756
757
758
759
760
761
762
763
764
765
766
818
819
820
821
822
823
824
825
826
827
828
829
830
831
832
833
834
835
836
837
838
839
840
841
842
843
844
845
846
847
848
849
850
851
852
853
854
855
856
857
858
859
860
861
862
863
864
869
870
894
895
896
897
898
899
900
901
902
903
904
905
906
907
908
909
910
944
946
969
985
986
987
989
990
1027
1028
1029
1067
1068
1069
1070
1071
1072
1073
1074
1075
1076
1077
1078
1079
1080
1081
1082
1083
1084
1085
1086
1087
1088
1089
1090
1091
1092
1093
1094
1095
1096
1441
1443
1461
1462
1463
1464
1532
1533
1534
1535
1536
1537
1538
1539
1540
1541
1542
1543
1544
1545
1559
1560
1561
1562
1563
1564
1565
1566
1567
1568
1569
1570
1571
1572
1573
1574
1575
1576
1577
1578
1579
1580
1581
1582
1583
1584
1585
1586
1587
1588
1589
1640
1641
1642
1643
1644
1645
1646
1647
1648
1649
1650
1651
1652
1653
1654
1655
1656
1657
1658
1659
1660
1661
1662
1663
1664
1665
1666
1667
1668
1669
1670
1671
1672
1673
1674
1675
1676
1677
1678
1679
1680
1681
1682
1683
1684
1685
1686
1986
1987
1988
1989
1990
1995
1996
1997
1999
2000
2002
2003
2004
2006
2007
2011
2012
2013
2015
2016
