0 8174
1 8159
2 8171
3 47882
4 8178
5 8201
6 8143
7 47840
8 47843
9 8209
10 47858
11 8154
12 8152
13 40458
14 8156
15 8202
16 8204
17 8150
18 47837
19 8147
20 8162
21 8168
22 40452
23 47864
24 47849
25 47853
26 8138
27 9735
28 11359
29 11620
30 11753
35 12575
37 12317
38 12570
40 12059
41 12054
43 11801
44 11667
46 11414
47 11151
49 11028
51 9579
52 11127
53 11508
54 11759
55 8531
73 32894
74 33785
75 12591
78 11301
80 10916
81 11043
82 10397
83 12849
85 9108
87 11670
88 12057
89 12315
90 12831
91 13344
93 10768
94 11283
95 9117
96 9120
97 8533
98 9122
99 10322
100 10968
101 10841
102 10997
103 11249
104 11630
105 11625
106 11492
107 11231
109 13235
111 10635
112 10485
113 9856
114 9145
115 8437
116 10615
117 31149
118 31916
119 41324
120 12429
121 14337
122 9859
123 11387
124 9264
125 10747
126 10124
127 10382
128 10642
129 10002
130 10385
131 9113
132 8987
133 8871
135 12010
136 12017
137 11257
138 10745
139 8990
140 8990
141 8872
142 14321
143 11559
145 12204
146 11817
147 9648
148 10132
149 40608
153 34372
176 11468
177 11859
178 10299
179 9214
180 9443
181 8379
182 32702
183 49901
184 48818
185 49294
186 48491
187 33615
188 48233
189 48429
190 48955
191 34680
195 32152
196 32545
197 31886
198 11948
199 11561
200 12335
201 13109
202 11303
203 12722
204 13753
205 10016
206 10264
207 8563
208 9857
209 10881
210 13049
211 11779
212 13168
213 9412
214 9652
215 10134
216 9418
217 52516
218 48143
219 49119
220 48531
221 51216
222 50413
223 48313
224 48053
225 48506
226 51044
227 51908
228 9098
229 8390
230 10176
231 8388
262 40850
263 40989
264 41137
265 40613
266 40536
267 10919
268 13891
269 11694
270 12082
271 12600
272 13246
273 9101
274 9932
275 12275
276 12269
277 8440
278 8438
279 9266
281 13999
282 8760
283 8646
284 48038
285 48035
286 11545
287 11803
288 11287
289 12061
290 12319
291 12706
292 11031
293 10775
294 10649
295 12975
296 12588
297 11298
298 11040
299 10782
300 12330
301 11556
302 12072
303 11814
304 10651
305 10650
306 13481
309 13091
310 13094
311 14644
312 13606
313 14251
315 13620
316 13231
317 40717
318 9759
319 14396
320 9776
321 15429
322 15291
323 8990
324 10691
325 9330
326 10566
327 8386
328 10059
329 10428
330 48032
331 13681
332 11073
333 9446
334 12039
335 13693
336 8383
337 12633
338 49289
339 48814
340 48488
341 8973
342 8860
343 9088
344 8976
345 8750
346 8747
347 8862
348 8871
349 8988
350 10539
351 10422
352 10425
353 9918
354 9692
355 10026
356 9806
357 9923
358 9808
359 9921
360 10927
361 10940
362 11077
363 10952
364 10827
365 11459
366 11445
367 11306
368 11463
369 9168
370 8635
371 8870
372 8871
373 8639
374 8992
375 11638
376 11897
377 8791
378 8792
379 8794
380 48811
381 48485
382 12672
383 30750
384 13061
385 13836
386 11615
387 11877
388 11224
389 10449
390 12108
391 11963
392 11983
393 12135
394 11871
395 11480
396 12758
397 12482
398 13259
399 12379
400 48230
401 48227
402 8917
403 13285
404 13030
405 13905
406 13538
407 40530
408 40986
409 41163
410 40713
411 40847
412 29382
413 28052
414 30252
415 29225
416 28327
417 33244
418 29853
419 29582
420 27995
421 27987
422 33380
423 34001
424 28953
425 31936
426 31039
427 30014
428 32850
429 52538
430 31390
431 30994
432 30727
433 40966
434 10366
435 40855
436 9986
437 40749
438 9515
439 10882
440 41112
441 14760
442 13080
443 11658
444 12305
445 29008
446 27851
447 28611
448 27194
449 29540
450 29403
451 30352
452 30183
453 30047
454 29780
455 52659
456 51723
457 48369
458 49303
459 48124
460 48384
461 48640
462 48239
463 48044
464 48691
465 48437
466 48048
467 48243
468 42080
469 41658
470 41384
471 29112
472 41965
473 28081
474 41594
475 27967
476 41298
477 41531
478 15658
479 13850
480 28768
481 28631
482 28494
483 8374
484 9083
485 9438
486 9914
487 10418
488 10936
489 11455
490 12104
491 12752
492 13531
493 14439
494 27768
495 10307
496 10432
497 10299
498 9924
499 9816
500 9462
501 9108
502 9337
503 9453
504 9450
505 8989
506 9567
507 8872
508 8520
509 8166
510 9226
511 8755
512 8991
513 8871
514 9109
515 8753
516 8753
517 9227
518 8755
521 13742
523 14780
524 14133
525 15047
526 14534
527 14809
528 15227
529 15112
530 15215
531 16130
532 16118
533 50737
534 14741
535 32600
536 42448
537 32608
538 27360
539 28133
540 29677
541 15582
544 10257
545 9763
546 10529
547 10785
548 8462
549 8106
550 10647
551 10911
552 9526
553 8700
554 10531
555 10270
556 10272
557 9546
558 8624
559 8622
560 8616
561 8619
562 8629
563 8632
564 8626
565 8611
566 8392
567 8395
568 8410
569 8407
570 8177
571 8404
572 8398
573 8402
574 8412
575 8939
576 8118
577 9067
578 8355
579 8593
580 8095
581 8805
582 8450
595 9077
596 15850
597 15076
598 11450
599 14172
600 10932
601 13395
602 9433
603 9909
604 8367
605 8605
606 12746
607 8131
608 30459
609 12098
610 10543
611 27629
613 31746
615 32255
616 31606
617 31725
618 33259
619 32488
620 34367
621 32246
622 33016
623 33902
624 34577
625 34360
626 32367
627 33138
628 34015
629 34354
630 34124
635 11089
636 10443
637 10749
638 11518
639 12662
640 12783
641 8560
642 12647
643 8914
644 12125
645 8206
646 9386
647 9982
648 11734
649 12285
650 11343
651 10704
652 9827
653 9711
654 8872
655 9464
656 9703
657 9824
658 9343
659 8989
660 8989
661 9223
662 8754
663 8400
664 9108
665 8637
666 8990
667 9342
668 8518
669 9225
670 8164
671 9107
672 8872
673 16033
674 48842
675 48455
676 48130
677 16015
678 51587
679 47869
680 50486
681 49832
682 27909
683 28401
684 28811
685 28541
686 28905
687 29313
688 29044
689 30084
690 29816
691 30320
692 40752
693 41678
694 41404
695 41181
696 41002
697 42454
698 40436
699 31838
700 42020
701 40861
702 40540
703 31829
704 31717
705 40644
720 34665
721 35155
722 30945
723 40444
724 40522
725 40840
726 40733
727 30809
728 30798
729 42510
730 42068
731 41156
732 40980
733 41409
734 41684
735 40626
767 31637
768 32031
769 31370
770 32555
771 33598
772 31102
773 30954
774 31092
775 11439
776 10923
777 15154
778 9639
779 10534
780 9176
781 15956
782 9289
783 27212
784 12994
785 12347
786 9660
787 9301
788 10149
789 13640
790 16068
791 9994
792 14284
793 15056
794 10501
795 12826
796 12180
797 11664
798 13859
799 11018
800 11828
801 33326
802 34316
803 48367
804 48236
805 49242
806 48697
807 53104
808 49692
809 48564
810 51940
811 48041
812 50968
813 48896
814 35673
815 35772
816 47846
817 50261
865 6667
866 4992
867 4737
868 4612
873 3628
875 3886
876 3623
878 4144
879 4139
881 4402
882 4526
884 4789
885 5042
887 5177
889 6747
890 5276
891 4883
892 4618
893 7823
911 21542
912 20636
913 3644
916 4934
918 5323
919 5192
920 5964
921 3386
923 7220
925 4529
926 4142
927 3884
928 3368
929 2850
931 5433
932 4916
933 7229
934 7232
935 6019
936 5375
937 5506
938 5404
939 5140
940 4876
941 4742
942 4867
943 5122
945 2998
947 5558
948 5924
949 6550
950 7965
951 5796
952 23410
953 22629
954 39588
955 3998
956 2036
957 6553
958 5020
959 7140
960 5670
961 6076
962 5821
963 5565
964 6207
965 5824
966 7225
967 7335
968 7455
970 4353
971 4360
972 5148
973 5668
974 7338
975 7338
976 7456
977 2020
978 4676
980 4031
981 4418
982 6580
983 6211
984 40296
988 20034
1011 4843
1012 4460
1013 6253
1014 7090
1015 6847
1016 7907
1017 21867
1018 45776
1019 46868
1020 46385
1021 47191
1022 20974
1023 47453
1024 47259
1025 46741
1026 20012
1030 22348
1031 21968
1032 22598
1033 4291
1034 4678
1035 3904
1036 3130
1037 4936
1038 3517
1039 2484
1040 6221
1041 5960
1042 7855
1043 6551
1044 5546
1045 3328
1046 4638
1047 3189
1048 6816
1049 6585
1050 6213
1051 6822
1052 43139
1053 47623
1054 46633
1055 47231
1056 44466
1057 45292
1058 47403
1059 47663
1060 47206
1061 44670
1062 43779
1063 7210
1064 7918
1065 6128
1066 7916
1097 40057
1098 39917
1099 39773
1100 40301
1101 40380
1102 5326
1103 2364
1104 4553
1105 4167
1106 3653
1107 3009
1108 7213
1109 6383
1110 4102
1111 4096
1112 7968
1113 7966
1114 7142
1116 2087
1117 7580
1118 7702
1119 47648
1120 47645
1121 4662
1122 4404
1123 4920
1124 4146
1125 3888
1126 3501
1127 5180
1128 5440
1129 5700
1130 3254
1131 3641
1132 4931
1133 5189
1134 5575
1135 3899
1136 4673
1137 4157
1138 4415
1139 5702
1140 5701
1141 2729
1144 3113
1145 3116
1146 1570
1147 2596
1148 1951
1150 2609
1151 2994
1152 40194
1153 6453
1154 1837
1155 6470
1156 806
1157 927
1158 7338
1159 5614
1160 6970
1161 5747
1162 7914
1163 6264
1164 5867
1165 47642
1166 2670
1167 5222
1168 6850
1169 4382
1170 2682
1171 7911
1172 3686
1173 46380
1174 46864
1175 47188
1176 7321
1177 7444
1178 7200
1179 7324
1180 7570
1181 7567
1182 7446
1183 7455
1184 7336
1185 5720
1186 5861
1187 5864
1188 6369
1189 6624
1190 6231
1191 6500
1192 6374
1193 6502
1194 6372
1195 5334
1196 5347
1197 5226
1198 5359
1199 5492
1200 4834
1201 4820
1202 4939
1203 4838
1204 7044
1205 7691
1206 7454
1207 7455
1208 7695
1209 7340
1210 4755
1211 4498
1212 7611
1213 7612
1214 7614
1215 46861
1216 47185
1217 3725
1218 23785
1219 3340
1220 2567
1221 4732
1222 4478
1223 5115
1224 5888
1225 4193
1226 4306
1227 4326
1228 4220
1229 4472
1230 4855
1231 3553
1232 3793
1233 3022
1234 3948
1235 47450
1236 47447
1237 7501
1238 3048
1239 3309
1240 2378
1241 2785
1242 40374
1243 39914
1244 39739
1245 40190
1246 40054
1247 24996
1248 26504
1249 24319
1250 25355
1251 26263
1252 21118
1253 24693
1254 24938
1255 26447
1256 26439
1257 20996
1258 20362
1259 25599
1260 22649
1261 23558
1262 24596
1263 21757
1264 43161
1265 23135
1266 23512
1267 23761
1268 39950
1269 5805
1270 40062
1271 6191
1272 40172
1273 6683
1274 5289
1275 39808
1276 1428
1277 3101
1278 4517
1279 3874
1280 25396
1281 26561
1282 25773
1283 18
1284 24896
1285 25017
1286 24161
1287 24249
1288 24371
1289 24620
1290 43176
1291 43998
1292 47329
1293 46394
1294 47604
1295 47344
1296 47080
1297 47459
1298 47654
1299 47001
1300 47267
1301 47658
1302 47463
1303 38833
1304 39249
1305 39519
1306 25242
1307 38960
1308 26275
1309 39325
1310 26420
1311 39626
1312 39399
1313 520
1314 2323
1315 25672
1316 25793
1317 25914
1318 7902
1319 7195
1320 6842
1321 6365
1322 5857
1323 5343
1324 4830
1325 4189
1326 3547
1327 2778
1328 1880
1329 26736
1330 6004
1331 5871
1332 5996
1333 6375
1334 6510
1335 6866
1336 7220
1337 6977
1338 6857
1339 6854
1340 7337
1341 6735
1342 7456
1343 7812
1344 7102
1345 7575
1346 7339
1347 7455
1348 7221
1349 7573
1350 7573
1351 7103
1352 7575
1355 2606
1357 1447
1358 2220
1359 1198
1360 1717
1361 1476
1362 1120
1363 1263
1364 1108
1365 217
1366 205
1367 44912
1368 1666
1369 21764
1370 38415
1371 21772
1372 27102
1373 26327
1374 24775
1375 701
1378 5954
1379 6457
1380 5710
1381 5579
1382 7754
1383 5570
1384 5447
1385 6694
1386 7520
1387 5712
1388 5967
1389 5969
1390 6714
1391 7680
1392 7678
1393 7672
1394 7675
1395 7685
1396 7688
1397 7682
1398 7667
1399 7920
1400 7923
1401 7938
1402 7935
1403 7932
1404 7926
1405 7930
1406 7940
1407 7287
1408 7179
1409 7883
1410 7649
1411 7389
1412 7742
1425 7189
1426 453
1427 1227
1428 4825
1429 2129
1430 5339
1431 2900
1432 6837
1433 6360
1434 7895
1435 7661
1436 3541
1437 24009
1438 4183
1439 5724
1440 26855
1442 22716
1444 39478
1445 22193
1446 22834
1447 22695
1448 21133
1449 21910
1450 20029
1451 22184
1452 21406
1453 20506
1454 19799
1455 20022
1456 22047
1457 21270
1458 20376
1459 20016
1460 20248
1465 5238
1466 5882
1467 5672
1468 4893
1469 3715
1470 3578
1471 7852
1472 3700
1473 7498
1474 4210
1475 7026
1476 6435
1477 4593
1478 4112
1479 4976
1480 5627
1481 6521
1482 7456
1483 6868
1484 6635
1485 6518
1486 6983
1487 7337
1488 7337
1489 7099
1490 7574
1491 7928
1492 7220
1493 7693
1494 7338
1495 6982
1496 7810
1497 7101
1498 7219
1499 7456
1500 378
1501 46892
1502 47285
1503 47610
1504 360
1505 44061
1506 45192
1507 45866
1508 26619
1509 26079
1510 25715
1511 25961
1512 25551
1513 25185
1514 25432
1515 24408
1516 24656
1517 24128
1518 23463
1519 40121
1520 39198
1521 39473
1522 39696
1523 39873
1524 38421
1525 22550
1526 38855
1527 40013
1528 40332
1529 22541
1530 22687
1531 40228
1546 19997
1547 19491
1548 23574
1549 23585
1550 38382
1551 39204
1552 38821
1553 40366
1554 40047
1555 40156
1556 39732
1557 39908
1558 40262
1590 22865
1591 22486
1592 23114
1593 21978
1594 21085
1595 23362
1596 23472
1597 23352
1598 4814
1599 5330
1600 1048
1601 6571
1602 5715
1603 7052
1604 301
1605 6929
1606 35
1607 3273
1608 3916
1609 6592
1610 6941
1611 6101
1612 2629
1613 155
1614 6199
1615 1983
1616 1207
1617 5682
1618 3363
1619 4007
1620 4523
1621 2332
1622 5167
1623 4429
1624 21330
1625 20208
1626 47327
1627 47456
1628 46476
1629 47007
1630 42759
1631 46038
1632 47134
1633 43913
1634 47651
1635 44779
1636 46815
1637 18935
1638 18862
1639 45480
1687 9144
1688 8436
1689 8200
1690 8790
1691 7257
1692 7256
1693 7964
1694 7610
1695 8179
1696 8180
1697 8534
1698 9124
1699 10198
1700 10713
1701 11103
1702 9720
1703 9955
1704 9481
1705 8894
1706 8892
1707 10205
1708 10458
1709 10847
1710 10719
1711 8538
1712 8540
1713 8184
1714 10853
1715 10851
1716 11111
1717 11108
1718 11364
1719 11497
1720 10985
1721 10856
1722 11501
1723 8435
1724 8199
1725 9734
1726 9143
1727 9141
1728 9732
1729 8433
1730 8196
1731 10355
1732 9969
1733 10098
1734 10602
1735 10860
1736 10605
1737 11120
1738 10867
1739 8789
1740 8786
1741 8787
1742 9713
1743 9597
1744 9008
1745 8536
1746 10074
1747 8182
1748 10586
1749 10975
1750 11236
1751 11368
1752 11243
1753 8434
1754 8197
1755 9142
1756 9733
1757 10225
1758 10736
1759 10990
1760 8788
1761 7826
1762 7825
1763 7236
1764 7234
1765 5636
1766 6150
1767 5252
1768 6406
1769 7006
1770 6885
1771 7478
1772 7476
1773 5897
1774 6157
1775 5512
1776 5642
1777 7830
1778 5518
1779 5257
1780 5260
1781 4997
1782 4872
1783 5392
1784 5521
1785 5005
1786 7963
1787 6666
1788 7255
1789 6780
1790 6664
1791 7253
1792 7961
1793 7960
1794 6052
1795 6422
1796 6302
1797 5524
1798 5786
1799 5532
1800 5268
1801 7609
1802 7607
1803 6643
1804 6645
1805 6765
1806 7356
1807 7828
1808 6279
1809 5767
1810 5382
1811 5127
1812 5001
1813 5134
1814 7962
1815 7254
1816 6665
1817 6178
1818 5659
1819 5396
1820 7608
1821 9366
1822 9250
1823 9604
1824 8896
1825 10081
1826 10591
1827 8542
1828 8186
1829 8188
1830 10594
1831 10724
1832 10727
1833 9140
1834 9612
1835 9492
1836 9138
1837 8432
1838 8195
1839 8430
1840 8193
1841 9847
1842 10601
1843 10475
1844 10346
1845 8784
1846 8428
1847 8192
1848 8427
1849 8191
1850 8189
1851 8543
1852 8190
1853 8544
1854 8897
1855 8898
1856 9251
1857 9252
1858 9605
1859 9606
1860 9962
1861 9961
1862 10085
1863 10335
1864 10338
1865 10466
1866 10596
1867 10468
1868 10598
1869 10341
1870 10343
1871 10215
1872 9965
1873 10217
1874 9845
1875 9846
1876 9490
1877 9489
1878 9136
1879 9135
1880 8782
1881 8781
1882 6652
1883 6772
1884 7126
1885 7480
1886 6286
1887 5772
1888 7832
1889 7834
1890 5775
1891 5516
1892 5777
1893 5650
1894 6896
1895 7252
1896 7250
1897 7958
1898 6541
1899 5782
1900 5911
1901 6043
1902 6170
1903 7606
1904 7604
1905 7956
1906 7955
1907 7835
1908 7836
1909 7481
1910 7482
1911 7127
1912 7128
1913 6773
1914 6774
1915 6413
1916 6412
1917 6290
1918 6032
1919 6035
1920 5905
1921 5907
1922 6164
1923 5779
1924 6292
1925 6168
1926 6294
1927 6295
1928 6418
1929 6540
1930 6539
1931 6894
1932 6893
1933 7248
1934 7247
1935 7602
1936 7601
1985 47891
1991 48215
1992 48669
1993 52576
1994 34885
1998 34685
2001 36419
2005 46284
2008 47565
2009 47109
2010 19502
2014 19698
2017 17887
2018 18205
2019 49485
2020 50360
2021 51452
2022 36705
2023 45410
2024 44415
2025 43198
