33
34
36
39
42
45
48
50
76
77
79
84
86
92
144
156
157
158
159
160
161
162
163
164
165
166
167
168
169
170
171
172
173
174
175
280
307
308
314
519
520
522
542
543
583
584
585
586
587
588
589
590
591
592
593
594
871
872
874
877
880
883
886
888
914
915
917
922
924
930
979
991
992
993
994
995
996
997
998
999
1000
1001
1002
1003
1004
1005
1006
1007
1008
1009
1010
1115
1142
1143
1149
1353
1354
1356
1376
1377
1413
1414
1415
1416
1417
1418
1419
1420
1421
1422
1423
1424
1937
1938
1939
1940
1941
1942
1943
1944
1945
1946
1947
1948
1949
1950
1951
1952
1953
1954
1955
1956
1957
1958
1959
1960
1961
1962
1963
1964
1965
1966
1967
1968
1969
1970
1971
1972
1973
1974
1975
1976
1977
1978
1979
1980
1981
1982
1983
1984
