8174 0.499994 0.734688
8159 0.499994 0.769436
8171 0.499994 0.73861
47882 0.499994 0.503273
8178 0.499994 0.728641
8201 0.499994 0.653964
8143 0.499994 0.817291
47840 0.499994 0.612528
47843 0.499994 0.600388
8209 0.499994 0.633092
47858 0.499994 0.5489
8154 0.499994 0.783987
8152 0.499994 0.790759
40458 0.499994 0.898355
8156 0.499994 0.776941
8202 0.499994 0.65007
8204 0.499994 0.645905
8150 0.499994 0.797768
47837 0.499994 0.623293
8147 0.499994 0.806566
8162 0.499994 0.761032
8168 0.499994 0.742093
40452 0.499994 0.913881
47864 0.499994 0.535771
47849 0.499994 0.574091
47853 0.499994 0.560992
8138 0.499994 0.829971
9735 0.540482 0.662444
11359 0.554326 0.710939
11620 0.560038 0.701846
11753 0.563389 0.692631
12575 0.629646 0.841427
12317 0.624298 0.843399
12570 0.630172 0.85748
12059 0.61702 0.844906
12054 0.619982 0.862756
11801 0.608854 0.845863
11667 0.609306 0.866127
11414 0.600515 0.846309
11151 0.598267 0.867638
11028 0.592089 0.84607
9579 0.535781 0.758382
11127 0.558517 0.671098
11508 0.562593 0.677626
11759 0.564257 0.68444
8531 0.507862 0.729787
32894 0.839662 0.83325
33785 0.853505 0.847945
12591 0.616582 0.835707
11301 0.587427 0.837951
10916 0.57953 0.831202
11043 0.580515 0.8382
10397 0.569976 0.838925
12849 0.622895 0.835223
9108 0.521225 0.755057
11670 0.609378 0.852964
12057 0.61841 0.85093
12315 0.625989 0.848374
12831 0.632697 0.844612
13344 0.639709 0.850708
10768 0.590493 0.85387
11283 0.600114 0.853965
9117 0.517256 0.735507
9120 0.516082 0.730383
8533 0.507673 0.726935
9122 0.51516 0.727292
10322 0.533972 0.721291
10968 0.54693 0.718804
10841 0.543116 0.715606
10997 0.555493 0.673945
11249 0.558936 0.679598
11630 0.560366 0.685017
11625 0.559733 0.691727
11492 0.55653 0.700029
11231 0.550704 0.70842
13235 0.628004 0.835196
10635 0.587209 0.867051
10485 0.549284 0.667758
9856 0.542554 0.658877
9145 0.531895 0.655635
8437 0.510402 0.654134
10615 0.551713 0.664345
31149 0.743453 0.66471
31916 0.767748 0.672791
41324 0.618063 0.906014
12429 0.608764 0.63299
14337 0.626499 0.683785
9859 0.549107 0.646516
11387 0.569562 0.660166
9264 0.533961 0.65072
10747 0.560539 0.65181
10124 0.577166 0.864663
10382 0.582139 0.852386
10642 0.584263 0.845314
10002 0.575248 0.849995
10385 0.577726 0.844288
9113 0.517667 0.741215
8987 0.520254 0.767295
8871 0.518692 0.756498
12010 0.568967 0.694001
12017 0.569758 0.683574
11257 0.563189 0.666263
10745 0.555532 0.658742
8990 0.5197 0.75477
8990 0.518697 0.753655
8872 0.517353 0.753221
14321 0.625296 0.71783
11559 0.594522 0.837604
12204 0.609343 0.83645
11817 0.601892 0.837103
9648 0.566858 0.844207
10132 0.56907 0.841986
40608 0.528257 0.916017
34372 0.869061 0.857934
11468 0.567762 0.759627
11859 0.576214 0.750022
10299 0.547046 0.774682
9214 0.528887 0.785942
9443 0.537489 0.804267
8379 0.508434 0.816462
32702 0.767099 0.647585
49901 0.611778 0.60405
48818 0.564227 0.605946
49294 0.588478 0.609584
48491 0.544959 0.607739
33615 0.76669 0.625646
48233 0.527739 0.597904
48429 0.543878 0.595258
48955 0.57775 0.588229
34680 0.76709 0.608032
32152 0.81003 0.726922
32545 0.809158 0.702378
31886 0.8105 0.755786
11948 0.602266 0.824344
11561 0.594191 0.826838
12335 0.610547 0.823495
13109 0.626978 0.823158
11303 0.586655 0.829112
12722 0.618846 0.822941
13753 0.63533 0.824448
10016 0.565516 0.839439
10264 0.567132 0.839805
8563 0.512373 0.63261
9857 0.545498 0.65338
10881 0.573327 0.634227
13049 0.598457 0.682021
11779 0.586089 0.646664
13168 0.597537 0.702104
9412 0.55949 0.849849
9652 0.565081 0.841907
10134 0.567051 0.841028
9418 0.558448 0.843979
52516 0.66937 0.625114
48143 0.533591 0.505233
49119 0.604866 0.526816
48531 0.569105 0.512482
51216 0.65964 0.598664
50413 0.647391 0.573401
48313 0.53508 0.554614
48053 0.518025 0.550359
48506 0.550401 0.561986
51044 0.676402 0.573049
51908 0.685173 0.598905
9098 0.525323 0.779847
8390 0.505476 0.783776
10176 0.545778 0.769677
8388 0.506183 0.790672
40850 0.562142 0.908331
40989 0.580563 0.910689
41137 0.599613 0.910234
40613 0.527171 0.900254
40536 0.513087 0.898625
10919 0.578404 0.825809
13891 0.63292 0.811573
11694 0.594179 0.818697
12082 0.603247 0.81524
12600 0.612833 0.812398
13246 0.622824 0.810917
9101 0.522519 0.773154
9932 0.541385 0.763161
12275 0.57772 0.682706
12269 0.577224 0.695791
8440 0.51129 0.645837
8438 0.510931 0.650205
9266 0.536117 0.644723
13999 0.634255 0.838069
8760 0.510529 0.739714
8646 0.509963 0.734879
48038 0.512865 0.599784
48035 0.512957 0.612016
11545 0.600901 0.843865
11803 0.608891 0.843558
11287 0.592836 0.84369
12061 0.616625 0.842805
12319 0.623284 0.84164
12706 0.627932 0.840315
11031 0.58525 0.843179
10775 0.578853 0.842455
10649 0.570217 0.841187
12975 0.626256 0.83739
12588 0.621703 0.837999
11298 0.587695 0.84004
11040 0.580834 0.839919
10782 0.570654 0.839697
12330 0.615897 0.838721
11556 0.594723 0.840032
12072 0.609075 0.839397
11814 0.601892 0.839835
10651 0.568295 0.839986
10650 0.568229 0.84066
13481 0.631382 0.838169
13091 0.632815 0.839497
13094 0.630514 0.839103
14644 0.642689 0.837385
13606 0.638041 0.840867
14251 0.648504 0.842991
13620 0.631893 0.835917
13231 0.62965 0.837216
40717 0.544016 0.904393
9759 0.569061 0.860821
14396 0.641104 0.829166
9776 0.560553 0.838302
15429 0.656 0.827954
15291 0.654888 0.835066
8990 0.520285 0.754118
10691 0.553329 0.763355
9330 0.534505 0.790206
10566 0.548252 0.75463
8386 0.506911 0.7976
10059 0.539902 0.749903
10428 0.553524 0.774948
48032 0.512727 0.622792
13681 0.609408 0.707606
11073 0.563025 0.775766
9446 0.535723 0.796348
12039 0.595773 0.640007
13693 0.611153 0.682651
8383 0.507641 0.806081
12633 0.591207 0.746702
49289 0.580271 0.624001
48814 0.561734 0.618244
48488 0.543529 0.618827
8973 0.525372 0.801223
8860 0.520734 0.788356
9088 0.527224 0.810035
8976 0.523487 0.794436
8750 0.514629 0.768484
8747 0.516124 0.774905
8862 0.518171 0.781683
8871 0.517186 0.756132
8988 0.518088 0.762633
10539 0.565765 0.816673
10422 0.557077 0.790802
10425 0.554997 0.782658
9918 0.547884 0.797588
9692 0.535987 0.767697
10026 0.557465 0.82358
9806 0.542766 0.77886
9923 0.545459 0.784807
9808 0.539986 0.773881
9921 0.546301 0.789954
10927 0.574115 0.810713
10940 0.565942 0.784148
11077 0.560446 0.767475
10952 0.557389 0.758341
10827 0.551258 0.749981
11459 0.575362 0.776796
11445 0.582755 0.805016
11306 0.585917 0.822221
11463 0.571782 0.768151
9168 0.542287 0.86999
8635 0.508674 0.760444
8870 0.513554 0.762456
8871 0.516054 0.755632
8639 0.511228 0.744585
8992 0.518342 0.74638
11638 0.56786 0.674512
11897 0.575201 0.670783
8791 0.520947 0.654471
8792 0.522231 0.650155
8794 0.523277 0.645159
48811 0.557396 0.628864
48485 0.540806 0.629128
12672 0.594833 0.663338
30750 0.744214 0.692372
13061 0.606516 0.660136
13836 0.620943 0.65718
11615 0.560734 0.715636
11877 0.565876 0.704933
11224 0.553883 0.725069
10449 0.53735 0.725183
12108 0.585516 0.768068
11963 0.592169 0.799491
11983 0.581391 0.758853
12135 0.574094 0.70905
11871 0.568991 0.721962
11480 0.56272 0.73298
12758 0.596488 0.756784
12482 0.602862 0.793799
13259 0.615077 0.788242
12379 0.584612 0.737783
48230 0.52777 0.610304
48227 0.526972 0.621213
8917 0.525687 0.631091
13285 0.601427 0.729712
13030 0.59244 0.721458
13905 0.628527 0.784298
13538 0.609409 0.741214
40530 0.513724 0.914377
40986 0.582996 0.922893
41163 0.603417 0.922184
40713 0.544921 0.918362
40847 0.563372 0.921057
29382 0.699943 0.869426
28052 0.681167 0.681581
30252 0.719824 0.658314
29225 0.697502 0.654469
28327 0.676684 0.652842
33244 0.779167 0.925533
29853 0.721719 0.68684
29582 0.721928 0.716174
27995 0.68616 0.810685
27987 0.68259 0.825107
33380 0.794511 0.905582
34001 0.811088 0.918268
28953 0.700872 0.683209
31936 0.741784 0.63746
31039 0.716522 0.630151
30014 0.692227 0.626213
32850 0.740162 0.612358
52538 0.712386 0.603139
31390 0.76788 0.69859
30994 0.76676 0.725919
30727 0.763993 0.754084
40966 0.580116 0.898637
10366 0.581761 0.886728
40855 0.563054 0.895778
9986 0.566658 0.883737
40749 0.545648 0.890525
9515 0.552698 0.878175
10882 0.596995 0.887138
41112 0.597406 0.89845
14760 0.653493 0.860829
13080 0.639982 0.870978
11658 0.61178 0.884346
12305 0.625905 0.878754
29008 0.701919 0.847139
27851 0.676715 0.837001
28611 0.687625 0.861588
27194 0.666383 0.849057
29540 0.722885 0.818541
29403 0.71355 0.833384
30352 0.743546 0.720916
30183 0.74182 0.82497
30047 0.729637 0.839758
29780 0.715957 0.853967
52659 0.739011 0.591261
51723 0.707975 0.578773
48369 0.535902 0.574883
49303 0.596949 0.58257
48124 0.522199 0.537617
48384 0.543495 0.54305
48640 0.563003 0.552168
48239 0.526589 0.574231
48044 0.51335 0.573965
48691 0.560394 0.591906
48437 0.541463 0.569575
48048 0.515091 0.561816
48243 0.529402 0.564513
42080 0.663813 0.897509
41658 0.643524 0.908834
41384 0.62352 0.917576
29112 0.682792 0.884209
41965 0.654441 0.887683
28081 0.671846 0.875316
41594 0.636089 0.898064
27967 0.676416 0.854704
41298 0.614143 0.894869
41531 0.630265 0.88819
15658 0.662109 0.86749
13850 0.646602 0.878972
28768 0.704454 0.813806
28631 0.697744 0.828402
28494 0.68876 0.841347
8374 0.509329 0.828722
9083 0.529367 0.820579
9438 0.539682 0.813968
9914 0.54995 0.806751
10418 0.559474 0.799722
10936 0.56874 0.792909
11455 0.578369 0.785764
12104 0.588669 0.777798
12752 0.600155 0.768392
13531 0.613854 0.756912
14439 0.629894 0.745098
27768 0.68334 0.739164
10307 0.545446 0.758349
10432 0.550057 0.766311
10299 0.549994 0.774744
9924 0.544751 0.781741
9816 0.538443 0.753713
9462 0.531099 0.752357
9108 0.521493 0.754452
9337 0.529336 0.770971
9453 0.532669 0.777494
9450 0.535906 0.782865
8989 0.519975 0.756627
9567 0.538614 0.785422
8872 0.51681 0.753772
8520 0.508097 0.748198
8166 0.499994 0.746626
9226 0.526544 0.754938
8755 0.5149 0.749314
8991 0.518753 0.75021
8871 0.517772 0.759837
9109 0.523154 0.751752
8753 0.512328 0.757394
8753 0.51485 0.759231
9227 0.525801 0.753132
8755 0.512424 0.750236
13742 0.631229 0.837735
14780 0.64424 0.833678
14133 0.633905 0.837142
15047 0.651815 0.82058
14534 0.64307 0.814789
14809 0.643318 0.783083
15227 0.646552 0.711879
15112 0.644041 0.68246
15215 0.647789 0.73883
16130 0.665161 0.71029
16118 0.665753 0.737702
50737 0.626741 0.628467
14741 0.637894 0.654654
32600 0.763969 0.913413
42448 0.7445 0.932688
32608 0.779251 0.893968
27360 0.674845 0.788623
28133 0.692013 0.791675
29677 0.73073 0.800186
15582 0.658913 0.784917
10257 0.572734 0.843075
9763 0.570266 0.847068
10529 0.573218 0.834024
10785 0.574494 0.838522
8462 0.511999 0.870712
8106 0.499994 0.871987
10647 0.573909 0.841728
10911 0.574916 0.83979
9526 0.563179 0.855716
8700 0.524483 0.867075
10531 0.571528 0.829567
10270 0.568389 0.836773
10272 0.565537 0.833608
9546 0.548581 0.832593
8624 0.513055 0.789957
8622 0.514642 0.796635
8616 0.517533 0.814052
8619 0.516094 0.804388
8629 0.510284 0.776006
8632 0.509529 0.768829
8626 0.511532 0.783027
8611 0.519222 0.8255
8392 0.504836 0.776698
8395 0.504603 0.769247
8410 0.505038 0.734749
8407 0.505412 0.73884
8177 0.499994 0.7311
8404 0.505298 0.742662
8398 0.504074 0.760938
8402 0.504189 0.747056
8412 0.504392 0.731561
8939 0.538221 0.860435
8118 0.499994 0.859518
9067 0.537976 0.846902
8355 0.511427 0.857647
8593 0.523453 0.853557
8095 0.499994 0.884471
8805 0.527799 0.881971
8450 0.51247 0.883749
9077 0.532406 0.832784
15850 0.663828 0.762734
15076 0.646771 0.762602
11450 0.580722 0.795155
14172 0.630292 0.766302
10932 0.571385 0.801745
13395 0.615305 0.773136
9433 0.543193 0.824063
9909 0.553121 0.815792
8367 0.510315 0.842755
8605 0.521181 0.838787
12746 0.602066 0.781071
8131 0.499994 0.844378
30459 0.759226 0.781374
12098 0.590739 0.78837
10543 0.562316 0.808422
27629 0.680688 0.765159
31746 0.810781 0.790994
32255 0.8266 0.815026
31606 0.795643 0.821095
31725 0.784716 0.844162
33259 0.807256 0.88605
32488 0.791441 0.874706
34367 0.861601 0.873849
32246 0.813617 0.834762
33016 0.829163 0.849449
33902 0.844544 0.862923
34577 0.873839 0.902564
34360 0.85297 0.891727
32367 0.802478 0.855008
33138 0.818644 0.867221
34015 0.834839 0.879719
34354 0.842725 0.910989
34124 0.823868 0.898167
11089 0.555871 0.742464
10443 0.541727 0.744599
10749 0.566778 0.643536
11518 0.577388 0.653564
12662 0.587515 0.682188
12783 0.587026 0.698435
8560 0.511809 0.640286
12647 0.583267 0.71478
8914 0.524435 0.638977
12125 0.577254 0.729669
8206 0.499994 0.640572
9386 0.538478 0.637575
9982 0.55327 0.638319
11734 0.570307 0.741618
12285 0.584391 0.667058
11343 0.563066 0.751123
10704 0.543976 0.73435
9827 0.526213 0.728889
9711 0.524299 0.725272
8872 0.518333 0.75438
9464 0.528259 0.748691
9703 0.528999 0.742552
9824 0.528618 0.735344
9343 0.53066 0.755821
8989 0.521105 0.759205
8989 0.522552 0.761545
9223 0.526088 0.765316
8754 0.516277 0.754692
8400 0.50363 0.752883
9108 0.520673 0.755898
8637 0.510916 0.75368
8990 0.519205 0.755508
9342 0.531492 0.762592
8518 0.506945 0.753337
9225 0.52739 0.75946
8164 0.499994 0.752739
9107 0.52485 0.757671
8872 0.517828 0.75514
16033 0.656892 0.652833
48842 0.580871 0.539757
48455 0.555133 0.528513
48130 0.527788 0.521939
16015 0.662375 0.681372
51587 0.647472 0.625739
47869 0.499994 0.519856
50486 0.634996 0.600484
49832 0.620361 0.577073
27909 0.683385 0.710911
28401 0.697845 0.768289
28811 0.70221 0.712863
28541 0.701275 0.741749
28905 0.710583 0.795428
29313 0.720193 0.745112
29044 0.716358 0.772016
30084 0.741229 0.749434
29816 0.737098 0.776453
30320 0.751683 0.805771
40752 0.55961 0.985578
41678 0.681205 0.953945
41404 0.653523 0.965253
41181 0.6274 0.972993
41002 0.603305 0.978724
42454 0.730492 0.921619
40436 0.499994 0.988724
31838 0.764819 0.883767
42020 0.707375 0.939094
40861 0.580702 0.98299
40540 0.519806 0.988444
31829 0.749875 0.902937
31717 0.775676 0.864632
40644 0.539583 0.987319
34665 0.790267 0.636342
35155 0.786104 0.621033
30945 0.751453 0.854642
40444 0.499994 0.94761
40522 0.516402 0.94773
40840 0.569644 0.948788
40733 0.550569 0.94859
30809 0.740402 0.868695
30798 0.724675 0.885619
42510 0.705971 0.902509
42068 0.684505 0.918051
41156 0.612887 0.945905
40980 0.590589 0.948407
41409 0.636325 0.940319
41684 0.660708 0.93098
40626 0.533134 0.948116
31637 0.789875 0.728662
32031 0.79073 0.702704
31370 0.7876 0.756982
32555 0.79091 0.679215
33598 0.790823 0.656501
31102 0.783035 0.785985
30954 0.762424 0.836746
31092 0.773911 0.812521
11439 0.584703 0.814431
10923 0.576693 0.819097
15154 0.656817 0.84541
9639 0.562046 0.868087
10534 0.569196 0.824069
9176 0.550795 0.854388
15956 0.66595 0.810365
9289 0.554648 0.861759
27212 0.668189 0.824828
12994 0.614132 0.801484
12347 0.603369 0.805482
9660 0.555414 0.836617
9301 0.550836 0.845617
10149 0.562146 0.829687
13640 0.625675 0.799114
16068 0.665147 0.835077
9994 0.572403 0.872791
14284 0.637894 0.799343
15056 0.651124 0.802791
10501 0.58461 0.875643
12826 0.634548 0.863779
12180 0.622465 0.870148
11664 0.610232 0.874394
13859 0.645956 0.855332
11018 0.597525 0.876347
11828 0.593517 0.809911
33326 0.808698 0.681383
34316 0.809505 0.661311
48367 0.540128 0.583138
48236 0.526917 0.58536
49242 0.602719 0.556101
48697 0.564924 0.573199
53104 0.770161 0.593924
49692 0.630233 0.548635
48564 0.55206 0.578924
51940 0.738581 0.572213
48041 0.512898 0.587022
50968 0.702824 0.554493
48896 0.580984 0.565087
35673 0.813299 0.640164
35772 0.795709 0.616251
47846 0.499994 0.587683
50261 0.664 0.545776
6667 0.459502 0.662444
4992 0.445663 0.710939
4737 0.439951 0.701846
4612 0.4366 0.692631
3628 0.370344 0.841427
3886 0.375692 0.843399
3623 0.369818 0.85748
4144 0.382969 0.844906
4139 0.380007 0.862756
4402 0.391136 0.845863
4526 0.390683 0.866127
4789 0.399474 0.846309
5042 0.401723 0.867638
5177 0.407901 0.84607
6747 0.464208 0.758382
5276 0.441472 0.671098
4883 0.437397 0.677626
4618 0.435733 0.68444
7823 0.492127 0.729787
21542 0.160327 0.83325
20636 0.146483 0.847945
3644 0.383408 0.835707
4934 0.412562 0.837951
5323 0.420393 0.831594
5192 0.419474 0.8382
5964 0.430014 0.838925
3386 0.377094 0.835223
7220 0.478764 0.755057
4529 0.390627 0.852797
4142 0.381589 0.850761
3884 0.374 0.848374
3368 0.367293 0.844612
2850 0.36028 0.850708
5433 0.409497 0.85387
4916 0.399905 0.853879
7229 0.482734 0.735507
7232 0.483907 0.730383
6019 0.466012 0.721291
5375 0.45306 0.718804
5506 0.456869 0.715606
5404 0.444491 0.673945
5140 0.441048 0.679598
4876 0.439618 0.685017
4742 0.440251 0.691727
4867 0.443454 0.700029
5122 0.44928 0.70842
2998 0.371985 0.835196
5558 0.412781 0.867051
5924 0.4507 0.667758
6550 0.457435 0.658877
7965 0.489587 0.654134
5796 0.448276 0.664345
23410 0.256536 0.66471
22629 0.232242 0.672791
39588 0.381926 0.906014
3998 0.391225 0.63299
2036 0.373491 0.683785
6553 0.450883 0.646516
5020 0.430428 0.660166
7140 0.466028 0.65072
5670 0.43945 0.65181
6076 0.422823 0.864663
5821 0.41785 0.852386
5565 0.415726 0.845314
6207 0.424741 0.849995
5824 0.422264 0.844288
7225 0.482322 0.741215
7335 0.479736 0.767295
7455 0.481298 0.756498
4353 0.431022 0.694001
4360 0.430231 0.683574
5148 0.4368 0.666263
5668 0.444457 0.658742
7338 0.480289 0.75477
7338 0.481292 0.753655
7456 0.482636 0.753221
2020 0.374693 0.71783
4676 0.405468 0.837604
4031 0.390646 0.83645
4418 0.398097 0.837103
6580 0.433131 0.844207
6211 0.430919 0.841986
40296 0.471732 0.916017
20034 0.130929 0.857934
4843 0.432227 0.759627
4460 0.423775 0.750022
6253 0.452944 0.774682
7090 0.471103 0.785942
6847 0.462501 0.804267
7907 0.491555 0.816462
21867 0.232889 0.647585
45776 0.388211 0.60405
46868 0.435763 0.605946
46385 0.411512 0.609584
47191 0.45503 0.607739
20974 0.233299 0.625646
47453 0.47225 0.597904
47259 0.456111 0.595258
46741 0.422239 0.588229
20012 0.232899 0.608032
22348 0.189959 0.726922
21968 0.190831 0.702378
22598 0.189489 0.755786
4291 0.397753 0.824219
4678 0.40581 0.826861
3904 0.389469 0.823504
3130 0.373038 0.823136
4936 0.413375 0.829123
3517 0.381175 0.822946
2484 0.364298 0.824452
6221 0.434473 0.839439
5960 0.432858 0.839805
7855 0.487617 0.63261
6551 0.454492 0.65338
5546 0.426662 0.634227
3328 0.401532 0.682021
4638 0.4139 0.646664
3189 0.402452 0.702104
6816 0.4405 0.849849
6585 0.434909 0.841907
6213 0.432938 0.841028
6822 0.441541 0.843979
43139 0.33062 0.625114
47623 0.466398 0.505233
46633 0.395124 0.526816
47231 0.430884 0.512482
44466 0.34035 0.598664
45292 0.352598 0.573401
47403 0.464909 0.554614
47663 0.481964 0.550359
47206 0.449589 0.561986
44670 0.323587 0.573049
43779 0.314817 0.598905
7210 0.474666 0.779847
7918 0.494513 0.783776
6128 0.454211 0.769677
7916 0.493806 0.790672
40057 0.437847 0.908331
39917 0.419426 0.910689
39773 0.400376 0.910234
40301 0.472819 0.900254
40380 0.486902 0.898625
5326 0.421585 0.825809
2364 0.36707 0.811573
4553 0.40581 0.818697
4167 0.396742 0.81524
3653 0.387156 0.812398
3009 0.377165 0.810917
7213 0.47747 0.773154
6383 0.458604 0.763161
4102 0.42227 0.682706
4096 0.422766 0.695791
7968 0.4887 0.645837
7966 0.489058 0.650205
7142 0.463872 0.644723
2087 0.365734 0.838069
7580 0.489461 0.739714
7702 0.490027 0.734879
47648 0.487125 0.599784
47645 0.487032 0.612016
4662 0.399088 0.843865
4404 0.391098 0.843558
4920 0.407153 0.84369
4146 0.383365 0.842805
3888 0.376705 0.84164
3501 0.372057 0.840315
5180 0.414739 0.843179
5440 0.421136 0.842455
5700 0.429773 0.841187
3254 0.373733 0.83739
3641 0.378287 0.837999
4931 0.412294 0.84004
5189 0.419155 0.839919
5575 0.429335 0.839697
3899 0.384092 0.838721
4673 0.405266 0.840032
4157 0.390915 0.839397
4415 0.398097 0.839835
5702 0.431694 0.839986
5701 0.43176 0.84066
2729 0.368607 0.838169
3113 0.367174 0.839497
3116 0.369475 0.839103
1570 0.357324 0.837445
2596 0.361934 0.840879
1951 0.351485 0.842991
2609 0.368096 0.835917
2994 0.370339 0.837216
40194 0.455973 0.904393
6453 0.430929 0.860821
1837 0.358853 0.829075
6470 0.439436 0.838302
806 0.343989 0.827954
927 0.345102 0.835066
7338 0.479704 0.754118
5614 0.44666 0.763355
6970 0.465484 0.790206
5747 0.451737 0.75463
7914 0.493079 0.7976
6264 0.460087 0.749903
5867 0.446465 0.774948
47642 0.487263 0.622792
2670 0.390582 0.707606
5222 0.436964 0.775766
6850 0.464267 0.796348
4382 0.404216 0.640007
2682 0.388836 0.682651
7911 0.492348 0.806081
3686 0.408783 0.746702
46380 0.419719 0.624001
46864 0.438255 0.618244
47188 0.456461 0.618827
7321 0.474617 0.801223
7444 0.479255 0.788356
7200 0.472765 0.810035
7324 0.476502 0.794436
7570 0.48536 0.768484
7567 0.483865 0.774905
7446 0.481818 0.781683
7455 0.482804 0.756132
7336 0.481901 0.762633
5720 0.434224 0.816673
5861 0.442912 0.790802
5864 0.444992 0.782658
6369 0.452105 0.797588
6624 0.464003 0.767697
6231 0.442524 0.82358
6500 0.457223 0.77886
6374 0.45453 0.784807
6502 0.460003 0.773881
6372 0.453688 0.789954
5334 0.425874 0.810713
5347 0.434048 0.784148
5226 0.439544 0.767475
5359 0.4426 0.758341
5492 0.448731 0.749981
4834 0.424627 0.776796
4820 0.417234 0.805016
4939 0.414072 0.822221
4838 0.428207 0.768151
7044 0.457703 0.869989
7691 0.491315 0.760444
7454 0.486436 0.762456
7455 0.483935 0.755632
7695 0.488761 0.744585
7340 0.481647 0.74638
4755 0.43213 0.674512
4498 0.424789 0.670783
7611 0.479042 0.654471
7612 0.477758 0.650155
7614 0.476712 0.645159
46861 0.442594 0.628864
47185 0.459183 0.629128
3725 0.405156 0.663338
23785 0.255775 0.692372
3340 0.393473 0.660136
2567 0.379047 0.65718
4732 0.439255 0.715636
4478 0.434113 0.704933
5115 0.446106 0.725069
5888 0.46264 0.725183
4193 0.414473 0.768068
4306 0.407821 0.799491
4326 0.418598 0.758853
4220 0.425895 0.70905
4472 0.430998 0.721962
4855 0.437269 0.73298
3553 0.403502 0.756784
3793 0.397127 0.793799
3022 0.384912 0.788242
3948 0.415377 0.737783
47450 0.47222 0.610304
47447 0.473017 0.621213
7501 0.474302 0.631091
3048 0.398562 0.729712
3309 0.407549 0.721458
2378 0.371463 0.784298
2785 0.39058 0.741214
40374 0.486266 0.914377
39914 0.416993 0.922893
39739 0.396573 0.922184
40190 0.455069 0.918362
40054 0.436618 0.921057
24996 0.300046 0.869426
26504 0.318822 0.681581
24319 0.280165 0.658314
25355 0.302487 0.654469
26263 0.323305 0.652842
21118 0.220822 0.925533
24693 0.27827 0.68684
24938 0.278061 0.716174
26447 0.31383 0.810685
26439 0.317399 0.825107
20996 0.205478 0.905582
20362 0.188901 0.918268
25599 0.299117 0.683209
22649 0.258205 0.63746
23558 0.283467 0.630151
24596 0.307763 0.626213
21757 0.259827 0.612358
43161 0.287604 0.603139
23135 0.232109 0.69859
23512 0.233229 0.725919
23761 0.235996 0.754084
39950 0.419874 0.898637
5805 0.418228 0.886728
40062 0.436935 0.895778
6191 0.433331 0.883737
40172 0.454341 0.890525
6683 0.447292 0.878175
5289 0.402995 0.887138
39808 0.402584 0.89845
1428 0.346496 0.860829
3101 0.360007 0.870978
4517 0.38821 0.884346
3874 0.374085 0.878754
25396 0.29807 0.847139
26561 0.323274 0.837001
25773 0.312364 0.861588
18 0.333606 0.849057
24896 0.277104 0.818541
25017 0.286439 0.833384
24161 0.256443 0.720916
24249 0.258169 0.82497
24371 0.270352 0.839758
24620 0.284032 0.853967
43176 0.260979 0.591261
43998 0.292015 0.578773
47329 0.464026 0.575014
46394 0.40304 0.58257
47604 0.47779 0.537617
47344 0.456494 0.54305
47080 0.436986 0.552168
47459 0.473418 0.574236
47654 0.486639 0.573965
47001 0.439596 0.591906
47267 0.458526 0.569575
47658 0.484898 0.561816
47463 0.470593 0.564603
38833 0.336177 0.897509
39249 0.356465 0.908834
39519 0.37647 0.917576
25242 0.317198 0.884209
38960 0.345548 0.887683
26275 0.328144 0.875316
39325 0.3639 0.898064
26420 0.323574 0.854704
39626 0.385846 0.894869
39399 0.369725 0.88819
520 0.337881 0.86749
2323 0.353387 0.878972
25672 0.295535 0.813806
25793 0.302245 0.828402
25914 0.311229 0.841347
7902 0.49066 0.828722
7195 0.470622 0.820579
6842 0.460308 0.813968
6365 0.450039 0.806751
5857 0.440516 0.799722
5343 0.431249 0.792909
4830 0.42162 0.785764
4189 0.411321 0.777798
3547 0.399834 0.768392
2778 0.386135 0.756912
1880 0.370096 0.745098
26736 0.31665 0.739164
6004 0.454544 0.758349
5871 0.449932 0.766311
5996 0.449995 0.774744
6375 0.455239 0.781741
6510 0.461546 0.753713
6866 0.46889 0.752357
7220 0.478496 0.754452
6977 0.470654 0.770971
6857 0.46732 0.777494
6854 0.464083 0.782865
7337 0.480014 0.756627
6735 0.461376 0.785421
7456 0.483179 0.753772
7812 0.491892 0.748198
7102 0.473445 0.754938
7575 0.48509 0.749314
7339 0.481237 0.75021
7455 0.482218 0.759837
7221 0.476835 0.751752
7573 0.487661 0.757394
7573 0.48514 0.759231
7103 0.474188 0.753132
7575 0.487565 0.750236
2606 0.36876 0.837735
1447 0.355496 0.833724
2220 0.366084 0.837142
1198 0.348174 0.82058
1717 0.356919 0.814789
1476 0.356672 0.783083
1120 0.353437 0.711879
1263 0.355949 0.68246
1108 0.3522 0.73883
217 0.334828 0.71029
205 0.334237 0.737702
44912 0.373249 0.628467
1666 0.362096 0.654654
21764 0.23602 0.913413
38415 0.255489 0.932688
21772 0.220738 0.893968
27102 0.325145 0.788623
26327 0.307976 0.791675
24775 0.269259 0.800186
701 0.341076 0.784917
5954 0.427255 0.843075
6457 0.429723 0.847068
5710 0.426823 0.83382
5579 0.425495 0.838522
7754 0.487991 0.870712
5570 0.426081 0.841728
5447 0.425074 0.83979
6694 0.43681 0.855716
7520 0.475507 0.867075
5712 0.428462 0.829567
5967 0.431576 0.836776
5969 0.434453 0.833608
6714 0.451409 0.832593
7680 0.486934 0.789957
7678 0.485347 0.796635
7672 0.482456 0.814052
7675 0.483896 0.804388
7685 0.489705 0.776006
7688 0.49046 0.768829
7682 0.488457 0.783027
7667 0.480767 0.8255
7920 0.495154 0.776698
7923 0.495386 0.769247
7938 0.494951 0.734749
7935 0.494577 0.73884
7932 0.494691 0.742662
7926 0.495915 0.760938
7930 0.4958 0.747056
7940 0.495597 0.731561
7287 0.461769 0.860435
7179 0.462013 0.846902
7883 0.488562 0.857647
7649 0.476537 0.853557
7389 0.47219 0.881971
7742 0.48752 0.883749
7189 0.467584 0.832784
453 0.336162 0.762734
1227 0.353218 0.762602
4825 0.419268 0.795155
2129 0.369697 0.766302
5339 0.428605 0.801745
2900 0.384685 0.773136
6837 0.456797 0.824063
6360 0.446868 0.815792
7895 0.489674 0.842755
7661 0.478808 0.838787
3541 0.397923 0.781071
24009 0.240763 0.781374
4183 0.409251 0.78837
5724 0.437674 0.808422
26855 0.319301 0.765159
22716 0.189207 0.790994
39478 0.363377 0.94048
22193 0.173389 0.815026
22834 0.204346 0.821095
22695 0.215273 0.844162
21133 0.192734 0.88605
21910 0.208548 0.874706
20029 0.138388 0.873849
22184 0.186373 0.834762
21406 0.170826 0.849449
20506 0.155445 0.862923
19799 0.12615 0.902564
20022 0.14702 0.891727
22047 0.197511 0.855008
21270 0.181346 0.867221
20376 0.16515 0.879719
20016 0.157264 0.910989
20248 0.176121 0.898167
5238 0.444118 0.742464
5882 0.458262 0.744599
5672 0.433211 0.643536
4893 0.422601 0.653564
3715 0.412474 0.682188
3578 0.412964 0.698435
7852 0.48818 0.640286
3700 0.416723 0.71478
7498 0.475554 0.638977
4210 0.422736 0.729669
7026 0.461511 0.637575
6435 0.446719 0.638319
4593 0.429683 0.741618
4112 0.415599 0.667058
4976 0.436923 0.751123
5627 0.456014 0.73435
6521 0.473776 0.728889
7456 0.481657 0.75438
6868 0.471731 0.748691
6635 0.470991 0.742552
6518 0.471371 0.735344
6983 0.469329 0.755821
7337 0.478884 0.759205
7337 0.477437 0.761545
7099 0.473901 0.765316
7574 0.483712 0.754692
7928 0.49636 0.752883
7220 0.479317 0.755898
7693 0.489073 0.75368
7338 0.480784 0.755508
6982 0.468497 0.762592
7810 0.493045 0.753337
7101 0.472599 0.75946
7219 0.475139 0.757671
7456 0.482161 0.75514
378 0.343097 0.652833
46892 0.419119 0.539757
47285 0.444857 0.528513
47610 0.472201 0.521939
360 0.337614 0.681372
44061 0.352517 0.625739
45192 0.364993 0.600484
45866 0.379628 0.577073
26619 0.316604 0.710911
26079 0.302145 0.768289
25715 0.297779 0.712863
25961 0.298714 0.741749
25551 0.289406 0.795428
25185 0.279796 0.745112
25432 0.283632 0.772016
24408 0.25876 0.749434
24656 0.262891 0.776453
24128 0.248307 0.805771
23463 0.248537 0.854642
40121 0.440379 0.985578
39198 0.318785 0.953945
39473 0.346466 0.965253
39696 0.37259 0.972993
39873 0.396684 0.978724
38421 0.269498 0.921619
22550 0.23517 0.883767
38855 0.292614 0.939094
40013 0.419287 0.98299
40332 0.480184 0.988444
22541 0.250114 0.902937
22687 0.224313 0.864632
40228 0.460406 0.987319
19997 0.209722 0.636342
19491 0.213885 0.621033
23574 0.275286 0.885674
23585 0.259587 0.868695
38382 0.293937 0.902575
39204 0.339063 0.931062
38821 0.315338 0.91809
40366 0.483588 0.94773
40047 0.430345 0.948788
40156 0.44942 0.94859
39732 0.387103 0.945905
39908 0.4094 0.948407
40262 0.466855 0.948116
22865 0.210114 0.728662
22486 0.209259 0.702704
23114 0.21239 0.756982
21978 0.209079 0.679215
21085 0.209167 0.656501
23362 0.216954 0.785985
23472 0.237565 0.836746
23352 0.226079 0.812521
4814 0.415286 0.814431
5330 0.423296 0.819097
1048 0.343172 0.84541
6571 0.437944 0.868087
5715 0.430793 0.824069
7052 0.449195 0.854388
301 0.334039 0.810365
6929 0.445342 0.861759
35 0.3318 0.824828
3273 0.385858 0.801484
3916 0.396621 0.805482
6592 0.444576 0.836617
6941 0.449154 0.845617
6101 0.437843 0.829687
2629 0.374315 0.799114
155 0.334843 0.835077
6199 0.427587 0.872791
1983 0.362095 0.799343
1207 0.348866 0.802791
5682 0.415379 0.875643
3363 0.365442 0.863779
4007 0.377524 0.870148
4523 0.389758 0.874394
2332 0.354033 0.855332
5167 0.402465 0.876347
4429 0.406473 0.809911
21330 0.191291 0.681383
20208 0.190484 0.661311
47327 0.459891 0.583106
47456 0.473072 0.58536
46476 0.39727 0.556101
47007 0.435065 0.573199
42759 0.229828 0.593924
46038 0.369757 0.548635
47134 0.447929 0.578924
43913 0.261409 0.572213
47651 0.487091 0.587022
44779 0.297165 0.554493
46815 0.419005 0.565087
18935 0.18669 0.640164
18862 0.20428 0.616251
45480 0.335989 0.545776
9144 0.530145 0.658805
8436 0.509802 0.656964
8200 0.500021 0.65671
8790 0.519701 0.657427
7257 0.468094 0.655635
7256 0.469898 0.658805
7964 0.49024 0.656964
7610 0.480342 0.657427
8179 0.499992 0.726416
8180 0.49999 0.723051
8534 0.507406 0.723454
9124 0.51457 0.723562
10198 0.531728 0.718238
10713 0.540384 0.713186
11103 0.5479 0.706611
9720 0.526356 0.705148
9955 0.527311 0.707965
9481 0.519796 0.70979
8894 0.512362 0.70758
8892 0.512776 0.710661
10205 0.533072 0.702339
10458 0.534327 0.704965
10847 0.541312 0.700475
10719 0.539571 0.698417
8538 0.506544 0.710835
8540 0.506283 0.70778
8184 0.49999 0.71084
10853 0.547351 0.688523
10851 0.544614 0.69355
11111 0.54964 0.689034
11108 0.54678 0.694829
11364 0.553635 0.698771
11497 0.556635 0.69104
10985 0.549973 0.685252
10856 0.547768 0.685359
11501 0.557052 0.685311
8435 0.5093 0.660652
8199 0.49999 0.660333
9734 0.538687 0.665387
9143 0.528747 0.662476
9141 0.527028 0.671641
9732 0.53544 0.672327
8433 0.509022 0.67251
8196 0.49999 0.672509
10355 0.547398 0.670039
9969 0.541899 0.676438
10098 0.543286 0.674952
10602 0.547621 0.683386
10860 0.549691 0.68305
10605 0.548171 0.679339
11120 0.555974 0.680892
10867 0.553201 0.675752
8789 0.518735 0.6612
8786 0.517827 0.675291
8787 0.517891 0.672191
9713 0.522853 0.721739
9597 0.521255 0.716084
9008 0.513776 0.717325
8536 0.50704 0.717392
10074 0.52943 0.713569
8182 0.49999 0.717199
10586 0.537366 0.709601
10975 0.544705 0.704012
11236 0.550389 0.697122
11368 0.553346 0.690208
11243 0.553696 0.685369
8434 0.508991 0.666047
8197 0.49999 0.665797
9142 0.527548 0.666848
9733 0.53693 0.668731
10225 0.545457 0.672356
10736 0.5509 0.677473
10990 0.553013 0.682002
8788 0.518012 0.66631
7826 0.492573 0.723454
7825 0.492311 0.726935
7236 0.485408 0.723562
7234 0.484824 0.727292
5636 0.459595 0.713186
6150 0.468251 0.718238
5252 0.452079 0.706611
6406 0.472668 0.707965
7006 0.480859 0.706817
6885 0.480184 0.70979
7478 0.487629 0.70758
7476 0.487203 0.710661
5897 0.465653 0.704965
6157 0.466919 0.702339
5512 0.458668 0.700475
5642 0.460419 0.698417
7830 0.493435 0.710835
5518 0.452639 0.688523
5257 0.453199 0.694829
5260 0.450339 0.689034
4997 0.446345 0.698771
4872 0.443344 0.69104
5392 0.450007 0.685252
5521 0.452223 0.685359
5005 0.442927 0.685311
7963 0.490679 0.660652
6666 0.461293 0.665387
7255 0.471232 0.662476
6780 0.46537 0.674379
6664 0.464539 0.672327
7253 0.47295 0.671641
7961 0.490957 0.67251
7960 0.490946 0.67587
6052 0.452581 0.670039
6422 0.458092 0.676438
6302 0.456693 0.674952
5524 0.450288 0.68305
5786 0.451808 0.679339
5532 0.446778 0.675752
5268 0.444005 0.680892
7609 0.481244 0.6612
7607 0.482088 0.672191
6643 0.475685 0.725272
6645 0.477126 0.721739
6765 0.478724 0.716084
7356 0.486203 0.717325
7828 0.492939 0.717392
6279 0.470549 0.713569
5767 0.462613 0.709601
5382 0.455274 0.704012
5127 0.449591 0.697122
5001 0.446633 0.690208
5134 0.446283 0.685369
7962 0.490988 0.666047
7254 0.472431 0.666848
6665 0.463049 0.668731
6178 0.454522 0.672356
5659 0.449079 0.677473
5396 0.446966 0.682002
7608 0.481967 0.66631
9366 0.519131 0.706817
9250 0.518318 0.70378
9604 0.52519 0.702253
8896 0.511882 0.704414
10081 0.531629 0.699587
10591 0.537529 0.696217
8542 0.505979 0.704589
8186 0.499995 0.70786
8188 0.500001 0.704744
10594 0.542064 0.692218
10724 0.544698 0.688099
10727 0.545368 0.685472
9140 0.5267 0.674348
9612 0.534621 0.674379
9492 0.533677 0.676939
9138 0.526149 0.677593
8432 0.509044 0.67587
8195 0.499995 0.676021
8430 0.508986 0.679607
8193 0.500001 0.679854
9847 0.540355 0.678169
10601 0.545342 0.683652
10475 0.54638 0.680216
10346 0.544338 0.681127
8784 0.517624 0.678839
8428 0.508785 0.684044
8192 0.500001 0.68426
8427 0.508514 0.68883
8191 0.500001 0.688959
8189 0.500001 0.701183
8543 0.50559 0.700931
8190 0.500001 0.697556
8544 0.505161 0.697042
8897 0.511189 0.700871
8898 0.510391 0.69714
9251 0.517164 0.700453
9252 0.515842 0.69698
9605 0.523529 0.699172
9606 0.521623 0.695999
9962 0.527266 0.693947
9961 0.529594 0.69678
10085 0.532005 0.691571
10335 0.53491 0.693918
10338 0.535744 0.689461
10466 0.539025 0.690848
10596 0.541647 0.687764
10468 0.538402 0.687473
10598 0.542836 0.685452
10341 0.540243 0.685365
10343 0.542962 0.683933
10215 0.540533 0.684221
9965 0.539808 0.683255
10217 0.542116 0.68216
9845 0.537076 0.682505
9846 0.538733 0.68025
9490 0.53256 0.680318
9489 0.531361 0.684106
9136 0.525251 0.681672
9135 0.524184 0.686169
8782 0.517182 0.683184
8781 0.516623 0.687928
6652 0.473634 0.705148
6772 0.474812 0.702253
7126 0.481684 0.70378
7480 0.48812 0.704414
6286 0.468373 0.699587
5772 0.462473 0.696217
7832 0.493708 0.70778
7834 0.494023 0.704589
5775 0.457938 0.692218
5516 0.455377 0.69355
5777 0.455305 0.688099
5650 0.454634 0.685472
6896 0.466325 0.676939
7252 0.47329 0.674348
7250 0.473853 0.677593
7958 0.491015 0.679607
6541 0.459647 0.678169
5782 0.45237 0.683386
5911 0.45466 0.683652
6043 0.45361 0.680216
6170 0.455664 0.681127
7606 0.482163 0.675291
7604 0.482378 0.678839
7956 0.491217 0.684044
7955 0.491488 0.68883
7835 0.494412 0.700931
7836 0.494841 0.697042
7481 0.488813 0.700871
7482 0.489611 0.69714
7127 0.482838 0.700453
7128 0.48416 0.69698
6773 0.476473 0.699172
6774 0.478379 0.695999
6413 0.472736 0.693947
6412 0.470408 0.69678
6290 0.467997 0.691571
6032 0.465092 0.693918
6035 0.464258 0.689461
5905 0.460977 0.690848
5907 0.458355 0.687764
6164 0.4616 0.687473
5779 0.457165 0.685452
6292 0.459759 0.685365
6168 0.45704 0.683933
6294 0.459469 0.684221
6295 0.457886 0.68216
6418 0.460194 0.683255
6540 0.461269 0.68025
6539 0.462926 0.682505
6894 0.467442 0.680318
6893 0.46864 0.684106
7248 0.474751 0.681672
7247 0.475818 0.686169
7602 0.48282 0.683184
7601 0.483379 0.687928
47891 0.499995 0.488549
48215 0.538243 0.489881
48669 0.583195 0.496234
52576 0.774328 0.580811
34885 0.885229 0.863901
34685 0.880548 0.882181
36419 0.805043 0.60726
46284 0.358662 0.511432
47565 0.46178 0.4899
47109 0.416795 0.496234
19502 0.11476 0.863901
19698 0.119441 0.882181
17887 0.171727 0.630205
18205 0.194945 0.60726
49485 0.641328 0.511432
50360 0.698899 0.529648
51452 0.738784 0.554398
36705 0.828262 0.630205
45410 0.30109 0.529648
44415 0.261205 0.554398
43198 0.225661 0.580811
